364770
364790
364800
364810
364820
364830
364850
1606000
1606030
1818320
1818340
1818370
1818450
796140
796260
1002
3149800
3149810
3149820
3149840
3149850
1818640
1818690
1208370
1208380
1208390
1208400
1208410
1208420
2255910
2255950
2255970
2255980
1607200
1607240
1607250
2686950
2686960
2686980
2686990
2687000
2256450
2256520
2687250
2687280
2687300
1819370
1819430
1819440
1819450
585180
585190
2025080
366510
366530
366550
366570
366590
1819950
1819960
1819970
1819980
1209980
1209990
1210010
1210030
1210060
1608290
1608310
1608330
586080
586100
586110
586130
586140
586150
1409780
1409810
1409830
1409840
798240
798280
798290
798420
3810
3820
3830
3900
2688390
2688400
2688440
367580
367660
4470
4500
4520
4530
4560
4570
4580
